# unix_time, cycles_done, cur_path, paths_total, pending_total, pending_favs, map_size, unique_crashes, unique_hangs, max_depth, execs_per_sec
1569452684, 0, 0, 1, 1, 1, 0.37%, 0, 0, 1, 21.11
1569452689, 0, 0, 7, 7, 1, 0.38%, 0, 0, 2, 22.11
1569452694, 0, 0, 14, 14, 1, 0.39%, 0, 0, 2, 22.19
1569452699, 0, 0, 20, 20, 1, 0.39%, 0, 0, 2, 21.97
1569452704, 0, 0, 25, 25, 1, 0.40%, 0, 0, 2, 21.70
1569452710, 0, 0, 28, 28, 1, 0.40%, 0, 0, 2, 21.54
1569452715, 0, 0, 31, 31, 1, 0.40%, 0, 0, 2, 21.51
1569452720, 0, 0, 33, 33, 1, 0.40%, 0, 0, 2, 20.70
1569452735, 0, 0, 34, 34, 1, 0.40%, 0, 0, 2, 19.70
1569452740, 0, 0, 35, 35, 1, 0.40%, 0, 0, 2, 19.37
1569452745, 0, 0, 36, 36, 1, 0.40%, 0, 0, 2, 19.35
1569452771, 0, 0, 37, 37, 1, 0.40%, 0, 0, 2, 18.71
1569452796, 0, 0, 38, 38, 1, 0.40%, 0, 0, 2, 18.50
1569453165, 0, 0, 39, 39, 1, 0.40%, 0, 0, 2, 20.98
1569453554, 0, 0, 49, 49, 1, 0.42%, 0, 0, 2, 21.82
1569453559, 0, 0, 56, 56, 1, 0.42%, 0, 0, 2, 21.88
1569453564, 0, 0, 60, 60, 1, 0.43%, 0, 0, 2, 21.65
1569453569, 0, 0, 65, 65, 1, 0.43%, 1, 0, 2, 21.84
1569453574, 0, 0, 68, 68, 1, 0.43%, 1, 0, 2, 21.82
1569453579, 0, 0, 69, 69, 1, 0.43%, 1, 0, 2, 21.65
1569453584, 0, 0, 69, 69, 1, 0.43%, 2, 0, 2, 21.54
1569453589, 0, 0, 71, 71, 1, 0.43%, 2, 0, 2, 21.62
1569453594, 0, 0, 72, 72, 1, 0.43%, 2, 0, 2, 21.68
1569453599, 0, 0, 74, 74, 1, 0.43%, 2, 0, 2, 21.77
1569453619, 0, 0, 76, 76, 1, 0.43%, 2, 0, 2, 21.08
1569453625, 0, 0, 78, 78, 1, 0.43%, 2, 0, 2, 19.97
1569453630, 0, 0, 79, 79, 1, 0.43%, 2, 0, 2, 20.43
1569453655, 0, 0, 80, 80, 1, 0.43%, 2, 0, 2, 21.48
1569453661, 0, 0, 81, 81, 1, 0.43%, 2, 0, 2, 21.10
1569453671, 0, 0, 81, 81, 1, 0.43%, 3, 0, 2, 21.44
1569453691, 0, 0, 82, 82, 1, 0.43%, 3, 0, 2, 21.62
1569453696, 0, 0, 83, 83, 1, 0.43%, 3, 0, 2, 21.80
1569453701, 0, 0, 84, 84, 1, 0.43%, 4, 0, 2, 21.95
1569453711, 0, 0, 85, 85, 1, 0.43%, 5, 0, 2, 22.06
1569453717, 0, 0, 86, 86, 1, 0.43%, 5, 0, 2, 22.03
1569453722, 0, 0, 87, 87, 1, 0.43%, 5, 0, 2, 21.95
1569453778, 0, 0, 88, 88, 1, 0.43%, 5, 0, 2, 21.56
1569453794, 0, 0, 89, 89, 1, 0.43%, 5, 0, 2, 21.89
1569453799, 0, 0, 89, 89, 1, 0.43%, 6, 0, 2, 22.01
1569453804, 0, 0, 90, 90, 1, 0.43%, 6, 0, 2, 21.81
1569453860, 0, 0, 90, 90, 1, 0.43%, 7, 0, 2, 21.66
1569453870, 0, 40, 90, 89, 9, 0.43%, 7, 0, 2, 21.72
1569454420, 0, 44, 90, 88, 8, 0.43%, 7, 0, 2, 22.03
1569454905, 0, 46, 90, 87, 7, 0.43%, 7, 0, 2, 22.05
1569455187, 0, 49, 90, 86, 6, 0.43%, 7, 0, 2, 21.31
1569455964, 0, 56, 90, 85, 5, 0.43%, 7, 0, 2, 22.35
1569456339, 0, 56, 91, 86, 5, 0.43%, 7, 0, 3, 22.27
1569456349, 0, 64, 91, 85, 4, 0.43%, 7, 0, 3, 22.35
1569456442, 0, 79, 91, 84, 3, 0.43%, 7, 0, 3, 22.06
1569457234, 0, 80, 91, 83, 2, 0.43%, 7, 0, 3, 22.13
1569457635, 0, 84, 91, 82, 1, 0.43%, 7, 0, 3, 22.27
1569458061, 1, 1, 91, 81, 0, 0.43%, 7, 0, 3, 22.39
1569458908, 1, 1, 92, 82, 0, 0.43%, 7, 0, 3, 22.11
1569458913, 1, 1, 93, 83, 0, 0.43%, 7, 0, 3, 21.69
1569458918, 1, 1, 95, 85, 0, 0.43%, 7, 0, 3, 21.98
1569458924, 1, 1, 96, 86, 0, 0.43%, 7, 0, 3, 22.32
1569458929, 1, 1, 97, 87, 0, 0.43%, 7, 0, 3, 22.43
1569458939, 1, 1, 98, 88, 0, 0.43%, 7, 0, 3, 22.43
1569458959, 1, 1, 100, 90, 0, 0.43%, 7, 0, 3, 22.27
1569458990, 1, 1, 101, 91, 0, 0.43%, 7, 0, 3, 22.33
1569459016, 1, 1, 102, 92, 0, 0.43%, 7, 0, 3, 22.09
1569459026, 1, 1, 103, 93, 0, 0.43%, 7, 0, 3, 22.44
1569459042, 1, 1, 103, 93, 0, 0.43%, 8, 0, 3, 22.49
1569459057, 1, 1, 105, 95, 0, 0.43%, 8, 0, 3, 22.56
1569459062, 1, 1, 106, 96, 0, 0.43%, 8, 0, 3, 21.92
1569459083, 1, 1, 106, 96, 0, 0.43%, 9, 0, 3, 22.70
1569459149, 1, 1, 107, 97, 0, 0.43%, 9, 0, 3, 22.31
1569459165, 1, 1, 108, 98, 0, 0.43%, 9, 0, 3, 22.35
1569459206, 1, 7, 108, 97, 0, 0.43%, 9, 0, 3, 22.31
1569460020, 1, 7, 109, 98, 0, 0.43%, 9, 0, 3, 22.05
1569460036, 1, 17, 109, 97, 0, 0.43%, 9, 0, 3, 21.80
1569460855, 1, 21, 109, 96, 0, 0.43%, 9, 0, 3, 22.34
1569461676, 1, 25, 109, 95, 0, 0.43%, 9, 0, 3, 22.05
1569462463, 1, 25, 110, 96, 0, 0.43%, 9, 0, 3, 21.98
1569462478, 1, 29, 110, 95, 0, 0.43%, 9, 0, 3, 22.60
1569462802, 1, 30, 110, 94, 0, 0.43%, 9, 0, 3, 22.00
1569463157, 1, 31, 110, 93, 0, 0.43%, 9, 0, 3, 22.34
1569463577, 1, 40, 110, 92, 0, 0.43%, 9, 0, 3, 22.17
1569463582, 1, 47, 110, 92, 0, 0.43%, 9, 0, 3, 22.17
1569464110, 1, 47, 111, 93, 0, 0.43%, 9, 0, 3, 21.64
1569464125, 1, 48, 111, 92, 0, 0.43%, 9, 0, 3, 21.40
1569464967, 1, 48, 112, 93, 0, 0.43%, 9, 0, 3, 21.89
1569464982, 1, 49, 112, 92, 0, 0.43%, 10, 0, 3, 21.99
1569464987, 1, 55, 112, 92, 0, 0.43%, 10, 0, 3, 22.24
1569465357, 1, 63, 112, 91, 0, 0.43%, 10, 0, 3, 22.43
1569466380, 1, 64, 112, 90, 0, 0.43%, 10, 0, 3, 21.57
1569466386, 1, 76, 112, 90, 0, 0.43%, 10, 0, 3, 21.87
1569467039, 1, 76, 113, 91, 0, 0.43%, 10, 0, 3, 21.61
1569467044, 1, 76, 114, 92, 0, 0.43%, 10, 0, 3, 21.57
1569467059, 1, 76, 115, 93, 0, 0.43%, 10, 0, 3, 21.79
1569467069, 1, 76, 116, 94, 0, 0.43%, 11, 0, 3, 21.25
1569467172, 1, 76, 117, 95, 0, 0.43%, 11, 0, 3, 21.81
1569467224, 1, 76, 118, 96, 0, 0.43%, 11, 0, 3, 22.09
1569467245, 1, 76, 119, 97, 0, 0.43%, 11, 0, 3, 22.13
1569467250, 1, 76, 119, 97, 0, 0.43%, 12, 0, 3, 22.23
1569467338, 1, 79, 119, 96, 0, 0.43%, 12, 0, 3, 21.98
1569467343, 1, 81, 119, 96, 0, 0.43%, 12, 0, 3, 21.94
1569468733, 1, 81, 120, 97, 0, 0.43%, 12, 0, 3, 22.13
1569468738, 1, 81, 121, 98, 0, 0.43%, 12, 0, 3, 21.57
1569468764, 1, 81, 122, 99, 0, 0.43%, 12, 0, 3, 22.20
1569468789, 1, 81, 123, 100, 0, 0.43%, 12, 0, 3, 22.06
1569468815, 1, 81, 124, 101, 0, 0.43%, 12, 0, 3, 22.14
1569468820, 1, 81, 125, 102, 0, 0.43%, 12, 0, 3, 22.28
1569468913, 1, 81, 126, 103, 0, 0.43%, 12, 0, 3, 22.32
1569468954, 1, 81, 126, 103, 0, 0.43%, 13, 0, 3, 22.23
1569468985, 1, 81, 127, 104, 0, 0.43%, 13, 0, 3, 21.96
1569469026, 1, 82, 127, 103, 0, 0.43%, 13, 0, 3, 22.29
1569469557, 1, 84, 127, 102, 0, 0.43%, 13, 0, 3, 22.28
1569469562, 1, 85, 127, 102, 0, 0.43%, 13, 0, 3, 22.22
1569471037, 1, 87, 127, 101, 0, 0.43%, 13, 0, 3, 22.12
1569471916, 1, 87, 128, 102, 0, 0.43%, 13, 0, 3, 22.23
1569471962, 1, 90, 128, 101, 0, 0.43%, 13, 0, 3, 22.43
1569472996, 1, 93, 128, 100, 0, 0.43%, 13, 0, 3, 21.72
1569475005, 1, 98, 128, 99, 0, 0.43%, 13, 0, 3, 22.06
1569476404, 1, 98, 129, 100, 0, 0.43%, 13, 0, 4, 22.12
1569476440, 1, 100, 129, 99, 0, 0.43%, 13, 0, 4, 22.26
1569477866, 1, 100, 130, 100, 0, 0.43%, 13, 0, 4, 22.11
1569477897, 1, 109, 130, 99, 0, 0.43%, 13, 0, 4, 22.00
1569480192, 1, 113, 130, 98, 0, 0.43%, 13, 0, 4, 22.20
1569482696, 1, 113, 131, 99, 0, 0.43%, 13, 0, 4, 22.03
1569482701, 1, 113, 131, 99, 0, 0.43%, 14, 0, 4, 21.79
1569482726, 1, 115, 131, 98, 0, 0.43%, 14, 0, 4, 22.31
1569485704, 1, 115, 132, 99, 0, 0.43%, 14, 0, 4, 21.98
1569485709, 1, 115, 134, 101, 0, 0.43%, 14, 0, 4, 21.90
1569485745, 1, 115, 134, 101, 0, 0.43%, 15, 0, 4, 22.09
1569485843, 1, 116, 134, 100, 0, 0.43%, 15, 0, 4, 22.18
1569488263, 1, 118, 134, 99, 0, 0.43%, 15, 0, 4, 22.33
1569490737, 1, 124, 134, 98, 0, 0.43%, 15, 0, 4, 22.86
1569490773, 1, 124, 135, 99, 0, 0.43%, 15, 0, 4, 21.86
1569496387, 1, 124, 136, 100, 0, 0.43%, 15, 0, 4, 9.87
1569496454, 1, 124, 136, 100, 0, 0.43%, 16, 0, 4, 9.35
1569496469, 1, 130, 136, 99, 0, 0.43%, 16, 0, 4, 9.61
