# unix_time, cycles_done, cur_path, paths_total, pending_total, pending_favs, map_size, unique_crashes, unique_hangs, max_depth, execs_per_sec
1569763539, 0, 0, 4, 4, 4, 0.40%, 0, 0, 1, 23.62
1569763544, 0, 0, 9, 9, 4, 0.40%, 0, 0, 2, 22.88
1569763549, 0, 0, 17, 17, 4, 0.41%, 0, 0, 2, 22.78
1569763554, 0, 0, 24, 24, 4, 0.41%, 0, 0, 2, 22.85
1569763559, 0, 0, 31, 31, 4, 0.41%, 0, 0, 2, 22.86
1569763564, 0, 0, 32, 32, 4, 0.41%, 0, 0, 2, 21.64
1569763569, 0, 0, 36, 36, 4, 0.41%, 0, 0, 2, 20.86
1569763574, 0, 0, 39, 39, 4, 0.42%, 0, 0, 2, 20.61
1569763589, 0, 0, 40, 40, 4, 0.42%, 0, 0, 2, 20.76
1569763594, 0, 0, 41, 41, 4, 0.42%, 0, 0, 2, 20.66
1569763600, 0, 0, 42, 42, 4, 0.42%, 0, 0, 2, 20.68
1569763625, 0, 0, 43, 43, 4, 0.42%, 0, 0, 2, 20.38
1569763748, 0, 0, 44, 44, 4, 0.42%, 0, 0, 2, 19.88
1569763989, 0, 0, 45, 45, 4, 0.42%, 0, 0, 2, 18.55
1569764014, 0, 0, 46, 46, 4, 0.42%, 0, 0, 2, 18.36
1569764423, 0, 0, 54, 54, 4, 0.42%, 0, 0, 2, 20.53
1569764428, 0, 0, 61, 61, 4, 0.42%, 0, 0, 2, 20.61
1569764433, 0, 0, 66, 66, 4, 0.42%, 0, 0, 2, 20.41
1569764438, 0, 0, 71, 71, 4, 0.42%, 0, 0, 2, 20.59
1569764443, 0, 0, 75, 75, 4, 0.42%, 0, 0, 2, 20.44
1569764448, 0, 0, 77, 77, 4, 0.42%, 1, 0, 2, 20.71
1569764453, 0, 0, 80, 80, 4, 0.42%, 1, 0, 2, 20.89
1569764458, 0, 0, 81, 81, 4, 0.42%, 1, 0, 2, 21.01
1569764463, 0, 0, 84, 84, 4, 0.43%, 1, 0, 2, 21.01
1569764474, 0, 0, 85, 85, 4, 0.43%, 1, 0, 2, 20.75
1569764484, 0, 0, 87, 87, 4, 0.43%, 1, 0, 2, 20.64
1569764489, 0, 0, 87, 87, 4, 0.43%, 2, 0, 2, 20.87
1569764494, 0, 0, 88, 88, 4, 0.43%, 2, 0, 2, 20.74
1569764499, 0, 0, 89, 89, 4, 0.43%, 2, 0, 2, 20.79
1569764504, 0, 0, 91, 91, 4, 0.43%, 2, 0, 2, 20.68
1569764509, 0, 0, 92, 92, 4, 0.43%, 2, 0, 2, 20.86
1569764514, 0, 0, 93, 93, 4, 0.43%, 3, 0, 2, 20.72
1569764519, 0, 0, 93, 93, 4, 0.43%, 4, 0, 2, 20.54
1569764550, 0, 0, 95, 95, 4, 0.43%, 4, 0, 2, 20.34
1569764560, 0, 0, 95, 95, 4, 0.43%, 5, 0, 2, 20.16
1569764565, 0, 0, 96, 96, 4, 0.43%, 5, 0, 2, 20.41
1569764575, 0, 0, 97, 97, 4, 0.44%, 5, 0, 2, 20.48
1569764591, 0, 0, 98, 98, 4, 0.44%, 5, 0, 2, 20.40
1569764601, 0, 0, 99, 99, 4, 0.44%, 5, 0, 2, 20.50
1569764606, 0, 0, 100, 100, 4, 0.44%, 5, 0, 2, 20.62
1569764611, 0, 0, 100, 100, 4, 0.44%, 6, 0, 2, 20.73
1569764626, 0, 0, 101, 101, 4, 0.44%, 6, 0, 2, 17.03
1569764647, 0, 0, 102, 102, 4, 0.44%, 6, 0, 2, 18.50
1569764662, 0, 0, 103, 103, 4, 0.44%, 6, 0, 2, 18.36
1569764672, 0, 0, 104, 104, 4, 0.44%, 6, 0, 2, 18.35
1569764677, 0, 0, 105, 105, 4, 0.44%, 6, 0, 2, 17.74
1569764682, 0, 0, 105, 105, 4, 0.44%, 7, 0, 2, 18.08
1569764692, 0, 0, 105, 105, 4, 0.44%, 8, 0, 2, 18.25
1569764733, 0, 0, 105, 105, 4, 0.44%, 9, 0, 2, 18.10
1569764774, 0, 0, 106, 106, 4, 0.44%, 9, 0, 2, 18.38
1569764779, 0, 3, 106, 105, 13, 0.44%, 9, 0, 2, 18.78
1569770212, 0, 3, 106, 105, 13, 0.44%, 10, 0, 2, 22.90
1569770222, 0, 3, 106, 105, 13, 0.44%, 11, 0, 2, 23.65
1569770227, 0, 3, 106, 105, 13, 0.44%, 12, 0, 2, 23.44
1569770232, 0, 3, 106, 105, 13, 0.44%, 13, 0, 2, 23.83
1569770243, 0, 3, 106, 105, 13, 0.44%, 14, 0, 2, 23.76
1569770248, 0, 3, 106, 105, 13, 0.44%, 15, 0, 2, 24.23
1569778978, 0, 3, 107, 106, 13, 0.44%, 15, 0, 2, 22.09
