# unix_time, cycles_done, cur_path, paths_total, pending_total, pending_favs, map_size, unique_crashes, unique_hangs, max_depth, execs_per_sec
1569783499, 0, 0, 3, 3, 3, 0.22%, 0, 0, 1, 155.84
1569783504, 0, 0, 31, 31, 3, 0.25%, 0, 0, 2, 4031.76
1569783509, 0, 0, 44, 44, 3, 0.25%, 0, 0, 2, 4147.28
1569783514, 0, 0, 92, 92, 3, 0.30%, 0, 0, 2, 3982.71
1569783519, 0, 0, 100, 100, 3, 0.31%, 1, 0, 2, 4034.58
1569783524, 0, 1, 109, 108, 17, 0.33%, 1, 0, 2, 3935.77
1569783529, 0, 1, 118, 117, 17, 0.34%, 2, 0, 2, 3659.81
1569783534, 0, 20, 122, 119, 16, 0.34%, 2, 0, 2, 3662.33
1569783549, 0, 68, 122, 118, 15, 0.34%, 2, 0, 2, 3444.27
1569783555, 0, 68, 128, 124, 15, 0.36%, 2, 0, 3, 3420.36
1569783560, 0, 68, 132, 128, 15, 0.37%, 4, 0, 3, 3452.70
1569783565, 0, 79, 132, 127, 18, 0.37%, 4, 0, 3, 3489.75
1569783570, 0, 79, 136, 131, 18, 0.37%, 4, 0, 3, 3479.76
1569783575, 0, 79, 139, 134, 18, 0.37%, 4, 0, 3, 3424.96
1569783580, 0, 83, 140, 134, 18, 0.37%, 4, 0, 3, 3454.72
1569783590, 0, 100, 144, 137, 18, 0.38%, 5, 0, 3, 3442.32
1569783595, 0, 101, 148, 140, 18, 0.38%, 5, 0, 3, 3444.29
1569783600, 0, 101, 165, 157, 18, 0.38%, 5, 0, 3, 3395.33
1569783605, 0, 101, 173, 165, 18, 0.38%, 5, 0, 3, 3375.39
1569783610, 0, 102, 175, 166, 21, 0.38%, 5, 0, 3, 3393.03
1569783615, 0, 104, 176, 166, 20, 0.38%, 5, 0, 3, 3378.36
1569783620, 0, 105, 176, 165, 19, 0.38%, 5, 0, 3, 3428.82
1569783630, 0, 110, 183, 170, 17, 0.38%, 5, 0, 3, 3551.96
1569783635, 0, 115, 184, 170, 16, 0.38%, 5, 0, 3, 3486.71
1569783640, 0, 116, 191, 176, 15, 0.39%, 5, 0, 3, 3446.92
1569783646, 0, 116, 192, 177, 15, 0.39%, 5, 0, 3, 3394.78
1569783651, 0, 118, 192, 176, 15, 0.39%, 6, 0, 3, 3399.21
1569783656, 0, 121, 192, 175, 14, 0.39%, 6, 0, 3, 3345.19
1569783661, 0, 124, 194, 176, 13, 0.39%, 6, 0, 3, 3364.81
1569783666, 0, 124, 198, 180, 13, 0.39%, 6, 0, 4, 3378.47
1569783671, 0, 135, 198, 179, 12, 0.39%, 6, 0, 4, 3372.99
1569783681, 0, 140, 199, 179, 11, 0.39%, 7, 0, 4, 3654.32
1569783686, 0, 145, 199, 178, 11, 0.39%, 7, 0, 4, 3496.25
1569783691, 0, 147, 199, 177, 10, 0.39%, 7, 0, 4, 3386.90
1569783696, 0, 155, 199, 176, 9, 0.39%, 7, 0, 4, 3335.96
1569783707, 0, 158, 199, 175, 8, 0.39%, 7, 0, 4, 3304.34
1569783712, 0, 158, 204, 180, 8, 0.39%, 7, 0, 4, 3270.66
1569783717, 0, 158, 209, 185, 8, 0.39%, 7, 0, 4, 3260.82
1569783722, 0, 160, 211, 186, 8, 0.39%, 7, 0, 4, 3274.13
1569783727, 0, 160, 215, 190, 8, 0.39%, 7, 0, 4, 3285.07
1569783732, 0, 172, 215, 189, 7, 0.39%, 7, 0, 4, 3268.39
1569783737, 0, 172, 216, 190, 7, 0.39%, 7, 0, 4, 3253.65
1569783742, 0, 172, 225, 199, 7, 0.39%, 7, 0, 4, 3187.96
1569783747, 0, 172, 226, 200, 7, 0.39%, 7, 0, 4, 3168.29
1569783752, 0, 184, 227, 200, 6, 0.39%, 7, 0, 4, 3252.74
1569783757, 0, 187, 227, 199, 5, 0.39%, 7, 0, 4, 3249.92
1569783763, 0, 189, 227, 198, 4, 0.39%, 7, 0, 4, 3305.67
1569783768, 0, 195, 227, 197, 3, 0.39%, 7, 0, 4, 3281.86
1569783778, 0, 207, 227, 196, 2, 0.39%, 7, 0, 4, 3201.17
1569783783, 0, 207, 231, 200, 2, 0.39%, 7, 0, 5, 3196.96
1569783788, 0, 207, 232, 201, 2, 0.39%, 7, 0, 5, 3195.11
1569783793, 1, 71, 232, 200, 1, 0.39%, 7, 0, 5, 3244.74
1569783798, 1, 74, 232, 199, 1, 0.39%, 7, 0, 5, 3275.75
1569783818, 1, 111, 232, 198, 1, 0.39%, 7, 0, 5, 3143.30
1569783823, 1, 156, 232, 197, 1, 0.39%, 7, 0, 5, 2545.88
1569783828, 1, 163, 233, 197, 0, 0.39%, 7, 0, 5, 3046.58
1569783844, 1, 166, 233, 196, 0, 0.39%, 7, 0, 5, 3145.03
1569783854, 1, 169, 233, 195, 0, 0.39%, 7, 0, 5, 3185.40
1569783859, 1, 173, 234, 195, 0, 0.39%, 7, 0, 5, 3184.38
1569783864, 1, 173, 236, 197, 0, 0.39%, 7, 0, 5, 3169.78
1569783869, 1, 175, 236, 196, 0, 0.39%, 7, 0, 5, 3180.33
1569783874, 1, 177, 237, 196, 0, 0.39%, 7, 0, 5, 3279.86
1569783879, 1, 181, 240, 197, 0, 0.39%, 7, 0, 5, 3422.26
1569783884, 1, 185, 240, 196, 0, 0.39%, 7, 0, 5, 3269.40
1569783889, 1, 186, 240, 195, 0, 0.39%, 7, 0, 5, 3211.05
1569783894, 1, 191, 240, 194, 0, 0.39%, 7, 0, 5, 3196.66
1569783899, 1, 193, 240, 193, 0, 0.39%, 7, 0, 5, 3174.22
1569783909, 1, 196, 240, 192, 0, 0.39%, 7, 0, 5, 3167.73
1569783914, 1, 197, 240, 191, 0, 0.39%, 7, 0, 5, 2838.11
1569783925, 1, 200, 242, 192, 0, 0.39%, 7, 0, 5, 2895.37
1569783940, 1, 201, 242, 191, 0, 0.39%, 7, 0, 5, 2945.16
1569783950, 1, 202, 242, 190, 0, 0.39%, 7, 0, 5, 2597.63
1569783965, 1, 203, 242, 189, 0, 0.39%, 7, 0, 5, 2770.70
1569783986, 1, 212, 242, 188, 0, 0.39%, 7, 0, 5, 2643.70
1569783996, 1, 213, 243, 188, 0, 0.39%, 7, 0, 5, 2549.73
1569784006, 1, 213, 244, 189, 0, 0.39%, 7, 0, 5, 2810.93
1569784011, 1, 218, 244, 188, 0, 0.39%, 7, 0, 5, 2699.96
1569784021, 1, 219, 245, 188, 0, 0.39%, 7, 0, 5, 2879.85
1569784031, 1, 219, 249, 192, 0, 0.39%, 7, 0, 5, 2965.34
1569784036, 1, 219, 251, 194, 0, 0.39%, 7, 0, 5, 2828.80
1569784041, 1, 223, 251, 193, 0, 0.39%, 7, 0, 5, 2932.14
1569784051, 1, 226, 251, 192, 0, 0.39%, 7, 0, 5, 2974.76
1569784061, 1, 226, 252, 193, 0, 0.39%, 7, 0, 5, 2912.28
1569784066, 1, 227, 252, 192, 0, 0.39%, 7, 0, 5, 2915.12
1569784077, 1, 243, 253, 192, 0, 0.39%, 7, 0, 6, 2945.87
1569784087, 1, 243, 254, 193, 0, 0.39%, 7, 0, 6, 2784.38
1569784092, 1, 245, 254, 192, 0, 0.39%, 7, 0, 6, 2670.04
1569784107, 1, 245, 261, 199, 0, 0.39%, 7, 0, 6, 2964.36
1569784112, 1, 245, 267, 205, 0, 0.39%, 8, 0, 6, 3009.15
1569784117, 1, 250, 269, 206, 0, 0.39%, 9, 0, 6, 3082.04
1569784122, 1, 250, 275, 212, 0, 0.39%, 9, 0, 6, 3089.55
1569784127, 1, 250, 278, 215, 0, 0.39%, 9, 0, 6, 3041.26
1569784132, 1, 253, 278, 214, 0, 0.39%, 9, 0, 6, 3043.17
1569784147, 1, 253, 282, 218, 0, 0.39%, 9, 0, 7, 3016.04
1569784152, 1, 253, 286, 222, 0, 0.39%, 9, 0, 7, 2989.11
1569784158, 1, 256, 289, 224, 0, 0.39%, 9, 0, 7, 3056.18
1569784193, 1, 256, 293, 228, 0, 0.39%, 9, 0, 7, 2783.79
1569784198, 1, 256, 296, 231, 0, 0.39%, 9, 0, 7, 2739.29
1569784203, 1, 260, 298, 232, 0, 0.39%, 9, 0, 7, 2844.75
1569784229, 1, 260, 300, 234, 0, 0.39%, 9, 0, 7, 3058.48
1569784234, 1, 260, 301, 235, 0, 0.39%, 9, 0, 7, 3178.49
1569784239, 1, 264, 301, 234, 0, 0.39%, 9, 0, 7, 3142.39
1569784275, 1, 264, 313, 246, 0, 0.39%, 9, 0, 7, 3134.70
1569784280, 1, 267, 316, 248, 0, 0.39%, 9, 0, 7, 3164.68
1569784300, 1, 267, 316, 248, 0, 0.39%, 10, 0, 7, 3173.27
1569784326, 1, 272, 316, 247, 0, 0.39%, 10, 0, 7, 2638.49
1569784331, 1, 288, 316, 246, 0, 0.39%, 10, 0, 7, 2951.26
1569784372, 1, 288, 317, 247, 0, 0.39%, 10, 0, 8, 2990.57
1569784377, 1, 288, 319, 249, 0, 0.39%, 10, 0, 8, 2996.29
1569784382, 1, 288, 320, 250, 0, 0.39%, 10, 0, 8, 2975.15
1569784387, 1, 290, 320, 249, 0, 0.39%, 10, 0, 8, 2975.01
1569784418, 1, 290, 321, 250, 0, 0.39%, 10, 0, 8, 2950.71
1569784423, 1, 291, 321, 249, 0, 0.39%, 10, 0, 8, 2930.84
1569784428, 1, 291, 322, 250, 0, 0.39%, 10, 0, 8, 2878.23
1569784464, 1, 291, 324, 252, 0, 0.39%, 10, 0, 8, 2845.77
1569784469, 1, 291, 325, 253, 0, 0.39%, 10, 0, 8, 2863.06
1569784474, 1, 293, 326, 253, 0, 0.39%, 10, 0, 8, 2777.64
1569784530, 1, 293, 330, 257, 0, 0.39%, 10, 0, 8, 2774.00
1569784535, 1, 293, 332, 259, 0, 0.39%, 10, 0, 8, 2777.81
1569784540, 1, 299, 333, 259, 0, 0.39%, 10, 0, 8, 2896.21
1569784571, 1, 301, 333, 258, 0, 0.39%, 10, 0, 8, 2815.98
1569784617, 1, 301, 335, 260, 0, 0.39%, 10, 0, 8, 2861.49
1569784622, 1, 303, 337, 261, 0, 0.39%, 10, 0, 8, 2837.26
1569784658, 1, 309, 337, 260, 0, 0.39%, 10, 0, 8, 2307.51
1569784730, 1, 309, 340, 263, 0, 0.39%, 10, 0, 8, 2743.18
1569784740, 1, 316, 340, 262, 0, 0.39%, 10, 0, 8, 2755.54
1569784806, 1, 322, 340, 261, 0, 0.39%, 10, 0, 8, 2818.80
1569784852, 1, 322, 342, 263, 0, 0.39%, 10, 0, 9, 2885.08
1569784857, 1, 323, 342, 262, 0, 0.39%, 10, 0, 9, 2919.94
1569784898, 1, 327, 342, 261, 0, 0.39%, 10, 0, 9, 2808.76
1569784948, 1, 327, 345, 264, 0, 0.39%, 10, 0, 9, 2685.65
1569784954, 1, 329, 345, 263, 0, 0.39%, 10, 0, 9, 2653.50
1569784964, 1, 329, 346, 264, 0, 0.39%, 10, 0, 9, 2467.46
1569785040, 1, 332, 346, 263, 0, 0.39%, 10, 0, 9, 2516.89
1569785106, 1, 332, 347, 264, 0, 0.39%, 10, 0, 9, 2607.28
1569785111, 1, 339, 348, 264, 0, 0.39%, 10, 0, 9, 2383.10
1569785207, 1, 339, 351, 267, 0, 0.39%, 10, 0, 9, 2417.94
1569785212, 1, 339, 352, 268, 0, 0.39%, 10, 0, 9, 2519.32
1569785218, 1, 344, 352, 267, 0, 0.39%, 10, 0, 9, 2117.78
1569785223, 1, 344, 353, 268, 0, 0.39%, 10, 0, 10, 2490.00
1569785294, 1, 350, 353, 267, 0, 0.39%, 10, 0, 10, 2349.76
1569785365, 1, 350, 356, 270, 0, 0.39%, 10, 0, 10, 3082.72
1569785370, 1, 355, 356, 269, 0, 0.39%, 10, 0, 10, 3062.35
1569785461, 1, 355, 359, 272, 0, 0.39%, 10, 0, 11, 2679.49
1569785466, 1, 357, 360, 272, 0, 0.39%, 10, 0, 11, 2687.22
1569785573, 1, 357, 361, 273, 0, 0.39%, 10, 0, 12, 2546.73
1569785578, 1, 358, 361, 272, 0, 0.39%, 10, 0, 12, 2646.16
1569785659, 2, 2, 363, 273, 0, 0.39%, 10, 0, 12, 2582.25
1569785664, 2, 4, 365, 275, 0, 0.39%, 10, 0, 12, 3012.66
1569785680, 2, 6, 366, 275, 0, 0.39%, 10, 0, 12, 3127.39
